time,node,sf
100,pop16,b
100,pop16,a
100,pop16,c
100,pop16,d
100,pop21,b
100,pop21,c
100,pop22,c
100,pop22,b
100,pop22,a
100,pop51,c
100,pop51,a
100,pop51,d
100,pop51,b
100,pop51,e
100,pop14,d
100,pop14,e
100,pop14,b
100,pop15,b
100,pop15,d
100,pop15,a
100,pop24,e
100,pop24,a
100,pop24,b
100,pop24,c
100,pop7,b
100,pop7,a
100,pop7,c
100,pop1,d
100,pop1,e
100,pop47,c
100,pop47,d
100,pop47,e
100,pop47,a
100,pop54,c
100,pop54,a
100,pop54,b
100,pop54,d
100,pop52,b
100,pop52,d
100,pop52,a
100,pop52,e
100,pop52,c
100,pop37,a
100,pop37,c
100,pop37,d
100,pop38,b
100,pop38,a
100,pop38,c
100,pop18,b
100,pop18,a
100,pop18,c
100,pop30,c
100,pop30,a
100,pop36,d
100,pop36,a
100,pop36,b
100,pop36,e
100,pop36,c
100,pop25,b
100,pop25,a
100,pop25,c
100,pop33,b
100,pop33,a
100,pop33,d
100,pop33,c
100,pop33,e
100,pop11,b
100,pop11,a
100,pop11,c
100,pop23,e
100,pop23,d
100,pop10,a
100,pop10,d
100,pop10,b
100,pop10,e
100,pop10,c
100,pop46,a
100,pop46,c
100,pop46,b
100,pop26,c
100,pop26,a
100,pop26,b
100,pop12,d
100,pop12,e
100,pop13,d
100,pop13,a
100,pop13,c
100,pop13,e
100,pop19,d
100,pop19,e
100,pop19,b
100,pop19,c
100,pop53,b
100,pop53,d
100,pop53,a
100,pop53,e
100,pop53,c
100,pop6,d
100,pop6,e
100,pop17,a
100,pop17,b
100,pop17,c
100,pop8,b
100,pop8,a
100,pop8,c
100,pop8,d
100,pop34,c
100,pop34,d
100,pop34,e
100,pop49,a
100,pop49,c
100,pop49,b
100,pop35,b
100,pop35,d
100,pop35,a
100,pop35,e
100,pop35,c
100,pop57,b
100,pop57,a
100,pop57,c
100,pop57,d
100,pop56,d
100,pop41,a
100,pop41,c
100,pop41,b
100,pop45,c
100,pop45,d
100,pop45,b
100,pop45,e
100,pop45,a
100,pop29,e
100,pop29,d
100,pop44,c
100,pop44,d
100,pop44,e
100,pop3,c
100,pop3,d
100,pop3,b
100,pop3,a
100,pop3,e
100,pop31,c
100,pop31,a
100,pop31,b
100,pop28,a
100,pop28,b
100,pop28,c
100,pop2,e
100,pop2,a
100,pop2,b
100,pop50,a
100,pop50,b
100,pop50,c
100,pop40,d
100,pop40,e
100,pop40,b
100,pop20,d
100,pop20,e
100,pop20,b
100,pop20,a
100,pop5,b
100,pop5,a
100,pop5,e
100,pop5,c
100,pop32,a
100,pop32,c
100,pop48,b
100,pop48,e
100,pop48,a
100,pop48,c
100,pop43,d
100,pop43,e
100,pop27,a
100,pop27,c
100,pop55,d
100,pop55,e
100,pop55,b
200,pop16,a
200,pop16,c
200,pop16,b
200,pop21,b
200,pop21,a
200,pop21,d
200,pop21,e
200,pop21,c
200,pop22,d
200,pop22,e
200,pop22,a
200,pop22,b
200,pop51,e
200,pop51,b
200,pop51,a
200,pop14,c
200,pop14,a
200,pop15,d
200,pop15,e
200,pop24,a
200,pop24,b
200,pop24,d
200,pop24,c
200,pop24,e
200,pop7,b
200,pop7,a
200,pop7,c
200,pop1,d
200,pop1,e
200,pop47,d
200,pop47,b
200,pop47,e
200,pop47,a
200,pop47,c
200,pop54,a
200,pop54,c
200,pop54,b
200,pop52,b
200,pop52,a
200,pop52,c
200,pop37,a
200,pop37,d
200,pop37,e
200,pop37,b
200,pop37,c
200,pop38,b
200,pop38,e
200,pop38,c
200,pop38,a
200,pop18,c
200,pop18,d
200,pop30,e
200,pop30,b
200,pop30,d
200,pop30,c
200,pop30,a
200,pop36,b
200,pop36,c
200,pop36,d
200,pop36,e
200,pop36,a
200,pop25,d
200,pop25,a
200,pop25,c
200,pop25,e
200,pop33,c
200,pop33,d
200,pop33,e
200,pop33,b
200,pop33,a
200,pop11,a
200,pop11,b
200,pop11,c
200,pop23,a
200,pop23,b
200,pop23,c
200,pop10,b
200,pop10,a
200,pop10,d
200,pop10,c
200,pop10,e
200,pop46,b
200,pop46,c
200,pop46,d
200,pop26,b
200,pop26,c
200,pop26,d
200,pop12,d
200,pop12,e
200,pop12,a
200,pop12,b
200,pop12,c
200,pop13,a
200,pop13,c
200,pop19,b
200,pop19,a
200,pop19,d
200,pop19,e
200,pop19,c
200,pop53,c
200,pop53,b
200,pop53,d
200,pop53,a
200,pop6,e
200,pop6,b
200,pop6,a
200,pop6,c
200,pop6,d
200,pop17,d
200,pop17,a
200,pop17,b
200,pop17,e
200,pop17,c
200,pop8,a
200,pop8,b
200,pop8,c
200,pop8,d
200,pop8,e
200,pop34,c
200,pop34,b
200,pop34,a
200,pop49,a
200,pop49,c
200,pop35,b
200,pop35,a
200,pop35,c
200,pop57,b
200,pop57,a
200,pop57,d
200,pop57,c
200,pop57,e
200,pop56,a
200,pop56,d
200,pop56,b
200,pop56,c
200,pop56,e
200,pop41,e
200,pop41,a
200,pop41,b
200,pop45,b
200,pop45,a
200,pop45,c
200,pop45,d
200,pop45,e
200,pop29,c
200,pop29,d
200,pop29,e
200,pop0,c
200,pop0,d
200,pop0,e
200,pop44,a
200,pop44,d
200,pop44,b
200,pop44,e
200,pop44,c
200,pop3,b
200,pop3,d
200,pop3,a
200,pop3,e
200,pop3,c
200,pop31,e
200,pop31,d
200,pop31,b
200,pop31,a
200,pop31,c
200,pop28,b
200,pop28,a
200,pop28,d
200,pop28,e
200,pop28,c
200,pop2,e
200,pop2,b
200,pop2,a
200,pop50,b
200,pop50,a
200,pop50,c
200,pop40,d
200,pop40,e
200,pop40,b
200,pop20,b
200,pop20,a
200,pop5,b
200,pop5,a
200,pop32,b
200,pop32,a
200,pop32,c
200,pop43,a
200,pop43,b
200,pop43,c
200,pop27,b
200,pop27,a
200,pop27,c
200,pop55,b
200,pop55,a
200,pop55,c
200,pop4,a
200,pop4,c
200,pop39,c
300,pop16,b
300,pop16,a
300,pop16,c
300,pop21,d
300,pop21,e
300,pop21,b
300,pop22,c
300,pop22,a
300,pop22,b
300,pop22,d
300,pop22,e
300,pop51,a
300,pop51,d
300,pop51,e
300,pop51,b
300,pop51,c
300,pop14,e
300,pop14,a
300,pop14,b
300,pop14,c
300,pop15,b
300,pop15,a
300,pop15,c
300,pop24,b
300,pop24,a
300,pop7,d
300,pop7,e
300,pop7,b
300,pop7,a
300,pop1,a
300,pop1,b
300,pop1,e
300,pop1,c
300,pop47,c
300,pop47,a
300,pop47,b
300,pop54,a
300,pop54,b
300,pop52,d
300,pop37,a
300,pop37,b
300,pop37,c
300,pop37,d
300,pop38,e
300,pop18,b
300,pop18,e
300,pop18,c
300,pop18,d
300,pop30,c
300,pop30,d
300,pop30,b
300,pop30,e
300,pop30,a
300,pop36,c
300,pop36,e
300,pop36,d
300,pop25,d
300,pop25,e
300,pop33,a
300,pop33,b
300,pop33,c
300,pop11,a
300,pop11,c
300,pop11,b
300,pop23,b
300,pop23,a
300,pop23,c
300,pop10,c
300,pop10,e
300,pop10,b
300,pop46,b
300,pop46,d
300,pop46,a
300,pop46,c
300,pop26,b
300,pop26,a
300,pop26,c
300,pop12,d
300,pop12,e
300,pop12,b
300,pop12,a
300,pop13,a
300,pop13,b
300,pop13,c
300,pop19,e
300,pop19,a
300,pop19,b
300,pop19,d
300,pop53,c
300,pop6,b
300,pop6,d
300,pop6,e
300,pop6,a
300,pop6,c
300,pop17,a
300,pop17,b
300,pop17,c
300,pop8,b
300,pop8,a
300,pop8,c
300,pop34,b
300,pop34,c
300,pop34,d
300,pop49,e
300,pop49,c
300,pop49,d
300,pop35,c
300,pop35,a
300,pop57,b
300,pop57,a
300,pop57,c
300,pop56,d
300,pop41,b
300,pop41,e
300,pop41,c
300,pop45,d
300,pop45,e
300,pop29,d
300,pop29,e
300,pop0,c
300,pop44,b
300,pop44,a
300,pop3,b
300,pop3,a
300,pop3,d
300,pop3,c
300,pop31,a
300,pop31,b
300,pop31,c
300,pop31,d
300,pop31,e
300,pop28,a
300,pop28,d
300,pop28,b
300,pop28,e
300,pop28,c
300,pop2,d
300,pop2,e
300,pop2,a
300,pop2,b
300,pop2,c
300,pop50,b
300,pop50,a
300,pop50,c
300,pop40,b
300,pop40,a
300,pop5,c
300,pop5,d
300,pop5,a
300,pop5,e
300,pop32,a
300,pop48,d
300,pop48,b
300,pop48,e
300,pop48,a
300,pop43,a
300,pop43,c
300,pop43,d
300,pop27,c
300,pop27,d
300,pop27,e
300,pop55,d
300,pop55,b
300,pop55,e
300,pop4,a
300,pop4,c
400,pop16,a
400,pop16,b
400,pop16,c
400,pop21,e
400,pop22,a
400,pop22,b
400,pop22,d
400,pop22,e
400,pop22,c
400,pop51,c
400,pop51,e
400,pop51,b
400,pop51,a
400,pop14,a
400,pop14,b
400,pop14,c
400,pop15,a
400,pop15,c
400,pop15,d
400,pop24,b
400,pop24,a
400,pop24,c
400,pop7,a
400,pop7,c
400,pop7,b
400,pop1,a
400,pop1,d
400,pop1,b
400,pop1,e
400,pop1,c
400,pop47,e
400,pop47,d
400,pop47,c
400,pop47,a
400,pop47,b
400,pop54,e
400,pop54,a
400,pop54,c
400,pop54,d
400,pop52,a
400,pop52,b
400,pop52,e
400,pop52,c
400,pop37,b
400,pop37,c
400,pop38,c
400,pop38,b
400,pop38,d
400,pop38,a
400,pop38,e
400,pop18,b
400,pop18,a
400,pop18,d
400,pop18,c
400,pop18,e
400,pop30,d
400,pop30,a
400,pop30,b
400,pop30,e
400,pop30,c
400,pop36,a
400,pop36,b
400,pop36,c
400,pop25,a
400,pop25,b
400,pop25,c
400,pop33,d
400,pop33,e
400,pop33,b
400,pop33,a
400,pop11,a
400,pop11,b
400,pop11,c
400,pop23,b
400,pop23,a
400,pop23,c
400,pop10,d
400,pop10,a
400,pop10,e
400,pop46,e
400,pop46,b
400,pop46,a
400,pop46,c
400,pop26,b
400,pop26,a
400,pop26,c
400,pop12,c
400,pop12,d
400,pop12,e
400,pop13,c
400,pop19,b
400,pop19,a
400,pop19,d
400,pop19,e
400,pop19,c
400,pop53,b
400,pop53,a
400,pop53,c
400,pop6,a
400,pop6,d
400,pop6,c
400,pop6,e
400,pop17,a
400,pop17,b
400,pop17,d
400,pop17,c
400,pop17,e
400,pop8,a
400,pop8,b
400,pop8,c
400,pop34,b
400,pop34,d
400,pop34,a
400,pop34,e
400,pop34,c
400,pop49,c
400,pop49,b
400,pop49,a
400,pop35,d
400,pop35,c
400,pop35,a
400,pop35,e
400,pop35,b
400,pop57,d
400,pop57,e
400,pop57,a
400,pop57,b
400,pop57,c
400,pop56,d
400,pop56,e
400,pop41,b
400,pop41,a
400,pop41,c
400,pop45,d
400,pop45,e
400,pop45,b
400,pop29,a
400,pop29,b
400,pop29,d
400,pop29,c
400,pop29,e
400,pop0,a
400,pop0,d
400,pop0,b
400,pop0,e
400,pop0,c
400,pop44,b
400,pop44,c
400,pop44,d
400,pop44,e
400,pop3,b
400,pop3,a
400,pop3,c
400,pop31,c
400,pop31,a
400,pop28,b
400,pop28,a
400,pop28,c
400,pop50,d
400,pop50,e
400,pop50,b
400,pop50,a
400,pop50,c
400,pop40,a
400,pop40,b
400,pop40,c
400,pop20,d
400,pop20,e
400,pop20,b
400,pop20,a
400,pop20,c
400,pop5,a
400,pop5,d
400,pop5,b
400,pop5,e
400,pop5,c
400,pop32,b
400,pop32,a
400,pop32,c
400,pop43,d
400,pop27,a
400,pop27,c
400,pop27,b
400,pop55,a
400,pop55,c
400,pop55,d
400,pop55,b
400,pop4,c
500,pop16,a
500,pop16,c
500,pop16,b
500,pop21,d
500,pop21,e
500,pop21,c
500,pop21,a
500,pop22,e
500,pop22,b
500,pop22,c
500,pop22,a
500,pop51,c
500,pop51,b
500,pop14,d
500,pop14,a
500,pop14,e
500,pop14,b
500,pop14,c
500,pop15,d
500,pop15,e
500,pop24,b
500,pop24,c
500,pop24,a
500,pop7,d
500,pop7,b
500,pop7,a
500,pop7,e
500,pop7,c
500,pop1,b
500,pop1,a
500,pop1,c
500,pop47,c
500,pop47,d
500,pop47,e
500,pop54,c
500,pop52,d
500,pop37,b
500,pop37,a
500,pop37,c
500,pop37,d
500,pop37,e
500,pop38,b
500,pop38,c
500,pop38,d
500,pop38,e
500,pop38,a
500,pop18,c
500,pop30,b
500,pop30,d
500,pop30,a
500,pop30,e
500,pop30,c
500,pop36,a
500,pop36,d
500,pop36,b
500,pop36,e
500,pop36,c
500,pop25,a
500,pop25,b
500,pop25,d
500,pop25,c
500,pop25,e
500,pop33,a
500,pop33,c
500,pop33,b
500,pop11,d
500,pop11,c
500,pop11,e
500,pop23,a
500,pop23,c
500,pop23,b
500,pop10,b
500,pop10,c
500,pop46,d
500,pop46,e
500,pop46,b
500,pop26,b
500,pop26,a
500,pop12,a
500,pop12,b
500,pop12,c
500,pop13,b
500,pop13,a
500,pop13,c
500,pop19,a
500,pop19,b
500,pop53,c
500,pop53,d
500,pop53,e
500,pop6,d
500,pop6,e
500,pop6,b
500,pop6,a
500,pop17,d
500,pop17,e
500,pop8,d
500,pop8,e
500,pop34,c
500,pop34,d
500,pop34,e
500,pop34,a
500,pop34,b
500,pop49,c
500,pop49,a
500,pop35,b
500,pop35,a
500,pop35,c
500,pop57,b
500,pop57,a
500,pop57,c
500,pop56,c
500,pop56,a
500,pop56,b
500,pop41,a
500,pop41,d
500,pop41,b
500,pop41,e
500,pop41,c
500,pop45,b
500,pop45,c
500,pop29,d
500,pop29,e
500,pop44,d
500,pop44,e
500,pop3,a
500,pop3,b
500,pop3,c
500,pop3,d
500,pop3,e
500,pop31,d
500,pop31,a
500,pop31,e
500,pop31,c
500,pop31,b
500,pop28,a
500,pop28,b
500,pop28,c
500,pop28,d
500,pop28,e
500,pop2,a
500,pop2,b
500,pop50,a
500,pop50,b
500,pop50,c
500,pop40,e
500,pop40,a
500,pop40,b
500,pop40,c
500,pop5,a
500,pop5,b
500,pop5,c
500,pop32,e
500,pop32,c
500,pop48,a
500,pop48,c
500,pop43,b
500,pop27,d
500,pop27,a
500,pop27,e
500,pop27,b
500,pop55,d
500,pop55,e
500,pop4,c
600,pop16,a
600,pop16,b
600,pop16,d
600,pop16,c
600,pop16,e
600,pop21,e
600,pop21,b
600,pop21,c
600,pop21,a
600,pop21,d
600,pop22,b
600,pop22,c
600,pop22,d
600,pop22,a
600,pop22,e
600,pop51,d
600,pop51,b
600,pop51,c
600,pop51,e
600,pop14,c
600,pop14,b
600,pop14,d
600,pop14,a
600,pop14,e
600,pop15,b
600,pop15,a
600,pop15,c
600,pop15,d
600,pop15,e
600,pop24,b
600,pop24,a
600,pop24,c
600,pop7,d
600,pop7,a
600,pop7,e
600,pop7,c
600,pop1,d
600,pop1,e
600,pop1,a
600,pop1,b
600,pop52,b
600,pop52,a
600,pop52,c
600,pop37,b
600,pop37,a
600,pop37,c
600,pop38,d
600,pop38,a
600,pop38,e
600,pop38,b
600,pop38,c
600,pop18,b
600,pop18,c
600,pop18,a
600,pop30,a
600,pop30,d
600,pop30,c
600,pop30,e
600,pop30,b
600,pop36,a
600,pop36,c
600,pop36,b
600,pop25,c
600,pop25,d
600,pop33,a
600,pop33,d
600,pop33,b
600,pop33,e
600,pop33,c
600,pop11,a
600,pop11,b
600,pop11,c
600,pop23,b
600,pop23,d
600,pop23,e
600,pop23,a
600,pop10,e
600,pop10,d
600,pop46,b
600,pop46,e
600,pop46,a
600,pop46,c
600,pop26,c
600,pop26,b
600,pop26,a
600,pop12,c
600,pop13,c
600,pop13,a
600,pop13,d
600,pop19,d
600,pop19,e
600,pop19,b
600,pop19,a
600,pop19,c
600,pop53,d
600,pop53,e
600,pop6,b
600,pop6,c
600,pop6,a
600,pop17,a
600,pop17,b
600,pop17,c
600,pop17,d
600,pop17,e
600,pop8,a
600,pop8,c
600,pop8,b
600,pop34,b
600,pop34,a
600,pop34,c
600,pop49,d
600,pop49,b
600,pop49,c
600,pop49,e
600,pop35,c
600,pop35,b
600,pop35,a
600,pop35,d
600,pop57,b
600,pop57,c
600,pop56,c
600,pop41,d
600,pop41,a
600,pop41,e
600,pop41,b
600,pop45,d
600,pop45,e
600,pop29,a
600,pop29,b
600,pop29,c
600,pop0,a
600,pop0,b
600,pop44,a
600,pop44,b
600,pop44,c
600,pop3,e
600,pop31,a
600,pop31,b
600,pop31,c
600,pop31,d
600,pop31,e
600,pop28,a
600,pop28,d
600,pop28,e
600,pop28,b
600,pop28,c
600,pop2,a
600,pop2,c
600,pop2,e
600,pop50,d
600,pop50,e
600,pop50,a
600,pop50,c
600,pop50,b
600,pop40,e
600,pop20,b
600,pop20,d
600,pop20,a
600,pop20,e
600,pop20,c
600,pop5,a
600,pop5,b
600,pop5,c
600,pop32,a
600,pop32,b
600,pop32,c
600,pop48,d
600,pop48,e
600,pop43,d
600,pop27,d
600,pop27,a
600,pop27,e
600,pop27,b
600,pop27,c
600,pop55,a
600,pop55,c
600,pop55,b
600,pop4,a
600,pop4,c
700,pop16,c
700,pop16,a
700,pop16,b
700,pop21,d
700,pop21,e
700,pop22,c
700,pop22,a
700,pop22,b
700,pop51,b
700,pop51,a
700,pop51,c
700,pop14,a
700,pop14,b
700,pop14,c
700,pop15,c
700,pop24,d
700,pop24,e
700,pop24,b
700,pop24,a
700,pop24,c
700,pop7,b
700,pop7,a
700,pop7,c
700,pop1,c
700,pop47,a
700,pop47,e
700,pop47,b
700,pop47,c
700,pop54,c
700,pop52,d
700,pop52,e
700,pop37,a
700,pop37,b
700,pop37,c
700,pop38,b
700,pop38,a
700,pop38,c
700,pop18,a
700,pop18,d
700,pop18,b
700,pop18,e
700,pop18,c
700,pop30,d
700,pop30,e
700,pop30,b
700,pop30,a
700,pop30,c
700,pop36,a
700,pop36,b
700,pop36,c
700,pop25,a
700,pop25,b
700,pop25,c
700,pop33,a
700,pop33,c
700,pop33,b
700,pop11,a
700,pop11,b
700,pop11,c
700,pop23,d
700,pop23,e
700,pop10,d
700,pop10,b
700,pop10,a
700,pop10,e
700,pop10,c
700,pop46,c
700,pop26,d
700,pop26,e
700,pop26,a
700,pop26,b
700,pop12,a
700,pop12,b
700,pop12,c
700,pop13,d
700,pop13,c
700,pop13,e
700,pop19,c
700,pop53,d
700,pop53,c
700,pop53,e
700,pop6,a
700,pop6,b
700,pop6,c
700,pop17,a
700,pop17,b
700,pop17,c
700,pop8,d
700,pop8,e
700,pop34,a
700,pop34,c
700,pop34,e
700,pop34,b
700,pop49,d
700,pop49,e
700,pop35,b
700,pop35,c
700,pop35,a
700,pop35,d
700,pop57,a
700,pop57,d
700,pop57,b
700,pop57,e
700,pop57,c
700,pop56,b
700,pop56,e
700,pop56,a
700,pop56,c
700,pop41,b
700,pop41,c
700,pop41,a
700,pop45,e
700,pop45,a
700,pop45,b
700,pop45,c
700,pop29,d
700,pop0,d
700,pop0,e
700,pop0,a
700,pop3,a
700,pop3,c
700,pop3,b
700,pop31,b
700,pop31,a
700,pop31,c
700,pop28,a
700,pop28,b
700,pop2,a
700,pop2,b
700,pop2,c
700,pop50,c
700,pop50,e
700,pop50,b
700,pop40,a
700,pop40,b
700,pop20,b
700,pop20,a
700,pop5,c
700,pop32,d
700,pop32,e
700,pop32,c
700,pop32,a
700,pop32,b
700,pop48,b
700,pop48,a
700,pop48,c
700,pop43,d
700,pop43,b
700,pop43,e
700,pop43,a
700,pop43,c
700,pop27,c
700,pop55,d
700,pop55,e
700,pop4,a
700,pop4,b
800,pop16,d
800,pop16,a
800,pop16,e
800,pop16,b
800,pop21,d
800,pop21,a
800,pop21,e
800,pop21,b
800,pop22,b
800,pop22,a
800,pop22,c
800,pop51,a
800,pop51,c
800,pop51,b
800,pop14,c
800,pop14,b
800,pop14,d
800,pop14,a
800,pop15,a
800,pop15,c
800,pop15,b
800,pop24,a
800,pop24,b
800,pop24,d
800,pop24,e
800,pop24,c
800,pop7,a
800,pop7,b
800,pop7,c
800,pop1,a
800,pop1,b
800,pop1,c
800,pop47,a
800,pop47,c
800,pop47,b
800,pop54,d
800,pop54,e
800,pop52,a
800,pop52,b
800,pop52,c
800,pop37,a
800,pop37,b
800,pop37,d
800,pop37,c
800,pop37,e
800,pop38,d
800,pop38,e
800,pop18,c
800,pop18,b
800,pop18,d
800,pop30,d
800,pop30,a
800,pop30,e
800,pop30,b
800,pop30,c
800,pop36,b
800,pop36,c
800,pop36,a
800,pop36,e
800,pop36,d
800,pop25,d
800,pop25,e
800,pop25,a
800,pop33,b
800,pop33,a
800,pop33,c
800,pop11,d
800,pop11,e
800,pop23,e
800,pop23,a
800,pop23,b
800,pop10,d
800,pop46,a
800,pop46,c
800,pop46,b
800,pop12,c
800,pop12,b
800,pop12,a
800,pop13,a
800,pop13,b
800,pop13,c
800,pop19,d
800,pop19,e
800,pop19,b
800,pop19,c
800,pop53,b
800,pop53,a
800,pop53,c
800,pop6,b
800,pop6,c
800,pop6,a
800,pop17,a
800,pop17,e
800,pop17,c
800,pop17,b
800,pop8,d
800,pop8,e
800,pop34,b
800,pop34,a
800,pop34,c
800,pop49,e
800,pop35,a
800,pop35,b
800,pop57,d
800,pop57,e
800,pop57,a
800,pop57,b
800,pop57,c
800,pop56,c
800,pop41,e
800,pop41,d
800,pop45,a
800,pop45,b
800,pop45,c
800,pop29,c
800,pop29,b
800,pop29,a
800,pop0,d
800,pop0,c
800,pop0,e
800,pop44,d
800,pop44,b
800,pop44,e
800,pop44,a
800,pop44,c
800,pop3,a
800,pop3,c
800,pop3,d
800,pop31,b
800,pop31,a
800,pop31,c
800,pop28,d
800,pop28,e
800,pop28,b
800,pop28,a
800,pop50,d
800,pop50,e
800,pop50,a
800,pop50,b
800,pop50,c
800,pop40,b
800,pop40,a
800,pop40,c
800,pop20,a
800,pop20,b
800,pop20,c
800,pop5,e
800,pop5,d
800,pop5,a
800,pop5,b
800,pop5,c
800,pop32,a
800,pop48,a
800,pop43,c
800,pop43,d
800,pop43,b
800,pop43,a
800,pop43,e
800,pop27,c
800,pop27,a
800,pop27,d
800,pop27,b
800,pop55,a
800,pop55,d
800,pop55,b
800,pop55,e
800,pop55,c
900,pop16,a
900,pop16,b
900,pop16,c
900,pop16,d
900,pop16,e
900,pop21,a
900,pop21,b
900,pop21,c
900,pop22,a
900,pop22,c
900,pop22,e
900,pop22,b
900,pop51,d
900,pop51,e
900,pop14,d
900,pop14,e
900,pop14,c
900,pop14,a
900,pop14,b
900,pop15,b
900,pop15,c
900,pop24,c
900,pop24,b
900,pop24,d
900,pop24,e
900,pop24,a
900,pop7,a
900,pop7,c
900,pop7,d
900,pop7,b
900,pop7,e
900,pop1,a
900,pop1,b
900,pop1,c
900,pop47,a
900,pop47,b
900,pop47,c
900,pop54,a
900,pop54,b
900,pop54,c
900,pop52,a
900,pop52,b
900,pop52,c
900,pop52,d
900,pop37,a
900,pop37,b
900,pop37,c
900,pop37,d
900,pop37,e
900,pop38,d
900,pop38,e
900,pop18,b
900,pop18,a
900,pop18,c
900,pop30,c
900,pop30,b
900,pop30,d
900,pop30,a
900,pop30,e
900,pop36,b
900,pop36,a
900,pop36,c
900,pop36,e
900,pop36,d
900,pop25,b
900,pop25,d
900,pop25,a
900,pop25,e
900,pop25,c
900,pop33,b
900,pop33,c
900,pop33,a
900,pop33,d
900,pop33,e
900,pop11,a
900,pop11,c
900,pop11,d
900,pop11,e
900,pop11,b
900,pop23,b
900,pop23,a
900,pop23,c
900,pop10,a
900,pop10,d
900,pop46,e
900,pop26,e
900,pop26,a
900,pop26,b
900,pop26,c
900,pop12,a
900,pop12,b
900,pop12,c
900,pop13,b
900,pop13,a
900,pop19,a
900,pop19,d
900,pop19,b
900,pop19,e
900,pop19,c
900,pop53,a
900,pop53,b
900,pop53,c
900,pop6,a
900,pop17,a
900,pop17,c
900,pop17,d
900,pop17,e
900,pop8,a
900,pop8,b
900,pop8,c
900,pop34,b
900,pop34,a
900,pop34,d
900,pop34,c
900,pop34,e
900,pop49,d
900,pop49,e
900,pop49,b
900,pop49,a
900,pop35,b
900,pop35,a
900,pop57,d
900,pop57,c
900,pop57,e
900,pop57,a
900,pop56,b
900,pop56,a
900,pop41,d
900,pop41,a
900,pop41,e
900,pop41,b
900,pop45,e
900,pop45,c
900,pop45,a
900,pop29,d
900,pop29,e
900,pop44,c
900,pop44,d
900,pop44,e
900,pop3,c
900,pop31,d
900,pop31,e
900,pop28,a
900,pop28,b
900,pop28,d
900,pop28,c
900,pop28,e
900,pop2,a
900,pop2,b
900,pop2,c
900,pop50,b
900,pop50,e
900,pop50,a
900,pop50,c
900,pop40,e
900,pop40,b
900,pop40,a
900,pop20,a
900,pop20,d
900,pop20,b
900,pop20,e
900,pop5,a
900,pop5,b
900,pop32,a
900,pop32,c
900,pop48,c
900,pop48,a
900,pop48,b
900,pop43,d
900,pop43,e
900,pop43,b
900,pop43,a
900,pop43,c
900,pop27,c
900,pop27,d
900,pop27,e
900,pop27,a
900,pop27,b
900,pop55,b
900,pop55,a
900,pop55,c
900,pop4,b
900,pop4,a
900,pop4,c
900,pop39,a
900,pop39,c
900,pop9,b
900,pop9,a
900,pop9,c
1000.0,pop16,c
1000.0,pop16,a
1000.0,pop16,d
1000.0,pop16,e
1000.0,pop21,b
1000.0,pop21,a
1000.0,pop21,d
1000.0,pop21,c
1000.0,pop21,e
1000.0,pop22,e
1000.0,pop22,a
1000.0,pop22,b
1000.0,pop22,c
1000.0,pop51,b
1000.0,pop51,d
1000.0,pop51,c
1000.0,pop51,e
1000.0,pop51,a
1000.0,pop14,b
1000.0,pop14,a
1000.0,pop14,c
1000.0,pop15,b
1000.0,pop15,a
1000.0,pop15,d
1000.0,pop15,c
1000.0,pop15,e
1000.0,pop24,b
1000.0,pop24,a
1000.0,pop24,c
1000.0,pop7,b
1000.0,pop7,a
1000.0,pop7,c
1000.0,pop1,b
1000.0,pop1,c
1000.0,pop1,a
1000.0,pop47,b
1000.0,pop47,a
1000.0,pop47,c
1000.0,pop54,d
1000.0,pop54,e
1000.0,pop54,b
1000.0,pop54,a
1000.0,pop54,c
1000.0,pop52,b
1000.0,pop52,d
1000.0,pop52,c
1000.0,pop52,e
1000.0,pop37,a
1000.0,pop37,b
1000.0,pop37,c
1000.0,pop37,d
1000.0,pop37,e
1000.0,pop38,a
1000.0,pop38,c
1000.0,pop38,d
1000.0,pop38,b
1000.0,pop38,e
1000.0,pop18,c
1000.0,pop30,c
1000.0,pop36,a
1000.0,pop36,b
1000.0,pop36,d
1000.0,pop36,c
1000.0,pop36,e
1000.0,pop25,b
1000.0,pop25,a
1000.0,pop25,c
1000.0,pop33,e
1000.0,pop33,d
1000.0,pop11,a
1000.0,pop11,d
1000.0,pop11,b
1000.0,pop11,e
1000.0,pop11,c
1000.0,pop23,a
1000.0,pop23,c
1000.0,pop23,d
1000.0,pop10,a
1000.0,pop10,b
1000.0,pop10,c
1000.0,pop46,d
1000.0,pop46,e
1000.0,pop46,b
1000.0,pop46,a
1000.0,pop46,c
1000.0,pop26,d
1000.0,pop26,e
1000.0,pop26,a
1000.0,pop26,b
1000.0,pop26,c
1000.0,pop12,a
1000.0,pop12,b
1000.0,pop12,c
1000.0,pop19,c
1000.0,pop53,c
1000.0,pop53,b
1000.0,pop6,e
1000.0,pop6,d
1000.0,pop17,e
1000.0,pop17,d
1000.0,pop8,c
1000.0,pop34,c
1000.0,pop34,a
1000.0,pop34,b
1000.0,pop49,c
1000.0,pop49,b
1000.0,pop49,a
1000.0,pop35,b
1000.0,pop35,a
1000.0,pop35,c
1000.0,pop35,d
1000.0,pop57,a
1000.0,pop57,b
1000.0,pop57,c
1000.0,pop57,d
1000.0,pop57,e
1000.0,pop56,d
1000.0,pop41,a
1000.0,pop41,b
1000.0,pop41,c
1000.0,pop45,a
1000.0,pop45,b
1000.0,pop45,c
1000.0,pop29,c
1000.0,pop29,d
1000.0,pop29,e
1000.0,pop0,b
1000.0,pop0,c
1000.0,pop0,d
1000.0,pop44,b
1000.0,pop44,a
1000.0,pop44,c
1000.0,pop3,c
1000.0,pop3,b
1000.0,pop31,a
1000.0,pop31,b
1000.0,pop31,c
1000.0,pop28,a
1000.0,pop28,b
1000.0,pop28,c
1000.0,pop28,e
1000.0,pop2,c
1000.0,pop2,d
1000.0,pop2,a
1000.0,pop2,e
1000.0,pop50,a
1000.0,pop50,d
1000.0,pop50,b
1000.0,pop50,c
1000.0,pop50,e
1000.0,pop40,e
1000.0,pop40,d
1000.0,pop40,a
1000.0,pop40,c
1000.0,pop20,b
1000.0,pop20,d
1000.0,pop20,a
1000.0,pop20,e
1000.0,pop20,c
1000.0,pop5,b
1000.0,pop5,a
1000.0,pop5,c
1000.0,pop32,c
1000.0,pop32,e
1000.0,pop32,a
1000.0,pop32,b
1000.0,pop43,a
1000.0,pop43,b
1000.0,pop43,c
1000.0,pop55,d
